ProtocolVersion - MyChanged
0030                     0b 01 0e 53 03 00 00 09 07 54  ..B.....S.....TV
0040   56 03 09 0b 01 07 02 54 54 56 07 00 02 55 56 00  ......TTV...UV.Q
0050   51 00 53 57 04 07 55 08 54 01 07 01 53 00 56 55  .SW..U.T...S.VUV
0060   56 01 06 05 04 51 03 08 51 08 51 56 04 54 06 55  ....Q..Q.QV.T.U.
0070   08 02 09 51 56 01 53 06 55 04 53 00 56 56 53 01  ..QV.S.U.S.VVS..
0080   09 02 09 01 51 54 51 09 55 56 09 03 04 07 05 55  ...QTQ.UV.....U.
0090   04 06 55 04 06 09 04 51 01 08 08 06 05 52 06 04  .U....Q.....R...
00a0   01 07 54 03 06 52 55 06 55 55 51 01 02 04 54 03  .T..RU.UUQ...T.U
00b0   55 54 01 57 51 55 05 52 05 54 07 51 51 55 07 02  T.WQU.R.T.QQU..S
00c0   53 53 00 52 05 52 07 01 54 00 03 05 05 08 06 05  S.R.R..T........
00d0   05 06 03 00 0d 08 01 07 09 03 51 03 07 53 09 51  .........Q..S.Q.
00e0   06 07 54 0a 50 56 02 52 04 05 55 51 02 53 00 08  .T.PV.R..UQ.S..T
00f0   54 04 52 56 06 02 09 00 08 03 53 56 01 05 00 55  .RV......SV...U.
0100   06 08 56 04 0d 06 07 52 06 07 04 0a 06 01 04 54  .V....R.......T.
0110   04 00 05 02 04 54 00 09 52 53 05 04 01 04 05 05  ....T..RS.......
0120   01 52 51 52 0d 06 51 08 09 54 53 00 0d 01 02 03  RQR..Q..TS.....T
0130   54 53 01 05 03 08 56 54 07 02 54 0b 06 df b8 3b  S....VT..T....;T
0140   54

RequestGSAuthLogin - MyChanged
0030                     00 bc 6c 00 65 00 78 00 78 00  ........l.e.x.x.
0040   68 00 75 00 6c 00 65 00 00 00 0d fe 0f 00 12 eb  h.u.l.e.........
0050   01 00 0d fe 0f 00 30 28 fc 55 01 00 00 00        ......0(.U....
