Client Requests action "Sell"
Client: Len 12 [RequestActionUse]
0C 00
56
0A 00 00 00 // sell?
00 00 00 00
00 

Server send list of items which can be sold
Server: Len 2255 [PrivateStoreManageListSell]
CF 08
A0
09 A5 04 10
00 00 00 00
87 C1 00 00
24 00 00 00  05 00 00 00  39 D6 05 10  B2 05 00 00  2E 00 00 00  00 00 00 00  00 00 00 00  00 00 8A 02  00 00 FE FF  FF FF 00 00  00 00 00 00  00 00 00 00  00 00 00 00  00 00 00 00  00 00 00 00  00 00 00 00  00 00 05 00  00 00 0E 30  05 10 49 07  00 00 05 00  00 00 00 00  00 00 00 00  00 00 00 00  C8 00 00 00  FE FF FF FF  00 00 00 00  00 00 00 00  00 00 00 00  00 00 00 00  00 00 00 00  00 00 00 00  00 00 00 00  05 00 00 00  B7 3B 05 10  DE 02 00 00  02 00 00 00  00 00 00 00  00 00 00 00  00 00 B0 04  00 00 FE FF  FF FF 00 00  00 00 00 00  00 00 00 00  00 00 00 00  00 00 00 00  00 00 00 00  00 00 00 00  00 00 05 00  00 00 BC A2  05 10 E0 02  00 00 09 00  00 00 00 00  00 00 00 00  00 00 00 00  90 01 00 00  FE FF FF FF  00 00 00 00  00 00 00 00  00 00 00 00  00 00 00 00  00 00 00 00  00 00 00 00  00 00 00 00  05 00 00 00  AC 36 05 10  4E 07 00 00  0C 00 00 00  00 00 00 00  00 00 00 00  00 00 C8 00  00 00 FE FF  FF FF 00 00  00 00 00 00  00 00 00 00  00 00 00 00  00 00 00 00  00 00 00 00  00 00 00 00  00 00 05 00  00 00 6B 2B  07 10 E2 07  00 00 01 00  00 00 00 00  00 00 00 00  00 00 00 00  CA 3A 00 00  FE FF FF FF  00 00 00 00  00 00 00 00  00 00 00 00  00 00 00 00  00 00 00 00  00 00 00 00  00 00 00 00  05 00 00 00  CC 48 05 10  5C 08 00 00  01 00 00 00  00 00 00 00  00 00 00 00  00 00 E8 03  00 00 FE FF  FF FF 00 00  00 00 00 00  00 00 00 00  00 00 00 00  00 00 00 00  00 00 00 00  00 00 00 00  00 00 05 00  00 00 CC 36  05 10 4F 07  00 00 04 00  00 00 00 00  00 00 00 00  00 00 00 00  C8 00 00 00  FE FF FF FF  00 00 00 00  00 00 00 00  00 00 00 00  00 00 00 00  00 00 00 00  00 00 00 00  00 00 00 00  05 00 00 00  14 2A 07 10  5D 07 00 00  02 00 00 00  00 00 00 00  00 00 00 00  00 00 60 09  00 00 FE FF  FF FF 00 00  00 00 00 00  00 00 00 00  00 00 00 00  00 00 00 00  00 00 00 00  00 00 00 00  00 00 05 00  00 00 FB 3B  07 10 59 07  00 00 01 00  00 00 00 00  00 00 00 00  00 00 00 00  DC 05 00 00  FE FF FF FF  00 00 00 00  00 00 00 00  00 00 00 00  00 00 00 00  00 00 00 00  00 00 00 00  00 00 00 00  05 00 00 00  D6 2F 05 10  5F 08 00 00  02 00 00 00  00 00 00 00  00 00 00 00  00 00 E8 03  00 00 FE FF  FF FF 00 00  00 00 00 00  00 00 00 00  00 00 00 00  00 00 00 00  00 00 00 00  00 00 00 00  00 00 05 00  00 00 E7 2D  07 10 5C 07  00 00 02 00  00 00 00 00  00 00 00 00  00 00 00 00  45 01 00 00  FE FF FF FF  00 00 00 00  00 00 00 00  00 00 00 00  00 00 00 00  00 00 00 00  00 00 00 00  00 00 00 00  05 00 00 00  BE 36 07 10  6C 07 00 00  01 00 00 00  00 00 00 00  00 00 00 00  00 00 24 07  00 00 FE FF  FF FF 00 00  00 00 00 00  00 00 00 00  00 00 00 00  00 00 00 00  00 00 00 00  00 00 00 00  00 00 05 00  00 00 56 94  05 10 29 07  00 00 02 00  00 00 00 00  00 00 00 00  00 00 00 00  4B 00 00 00  FE FF FF FF  00 00 00 00  00 00 00 00  00 00 00 00  00 00 00 00  00 00 00 00  00 00 00 00  00 00 00 00  05 00 00 00  1F 72 05 10  58 07 00 00  03 00 00 00  00 00 00 00  00 00 00 00  00 00 D0 07  00 00 FE FF  FF FF 00 00  00 00 00 00  00 00 00 00  00 00 00 00  00 00 00 00  00 00 00 00  00 00 00 00  00 00 05 00  00 00 AC C7  05 10 66 08  00 00 06 00  00 00 00 00  00 00 00 00  00 00 00 00  AA 01 00 00  FE FF FF FF  00 00 00 00  00 00 00 00  00 00 00 00  00 00 00 00  00 00 00 00  00 00 00 00  00 00 00 00  05 00 00 00  75 44 05 10  5A 07 00 00  02 00 00 00  00 00 00 00  00 00 00 00  00 00 84 03  00 00 FE FF  FF FF 00 00  00 00 00 00  00 00 00 00  00 00 00 00  00 00 00 00  00 00 00 00  00 00 00 00  00 00 01 00  00 00 BE 39  07 10 ED 2E  00 00 01 00  00 00 00 00  00 00 00 00  00 01 00 00  A7 03 00 00  FE FF FF FF  00 00 00 00  00 00 00 00  00 00 00 00  00 00 00 00  00 00 00 00  00 00 00 00  00 00 00 00  05 00 00 00  FA D6 05 10  F9 06 00 00  02 00 00 00  00 00 00 00  00 00 00 00  00 00 FA 00  00 00 FE FF  FF FF 00 00  00 00 00 00  00 00 00 00  00 00 00 00  00 00 00 00  00 00 00 00  00 00 00 00  00 00 01 00  00 00 4B 2F  07 10 87 01  00 00 01 00  00 00 00 00  00 00 00 00  00 04 00 00  48 BC 00 00  FE FF FF FF  00 00 00 00  00 00 00 00  00 00 00 00  00 00 00 00  00 00 00 00  00 00 00 00  00 00 00 00  05 00 00 00  85 BC 04 10  4D 07 00 00  0D 00 00 00  00 00 00 00  00 00 00 00  00 00 C8 00  00 00 FE FF  FF FF 00 00  00 00 00 00  00 00 00 00  00 00 00 00  00 00 00 00  00 00 00 00  00 00 00 00  00 00 05 00  00 00 0B A5  04 10 F4 25  00 00 0A 00  00 00 00 00  00 00 00 00  00 00 00 00  00 00 00 00  FE FF FF FF  00 00 00 00  00 00 00 00  00 00 00 00  00 00 00 00  00 00 00 00  00 00 00 00  00 00 00 00  05 00 00 00  0C A5 04 10  9A 29 00 00  01 00 00 00  00 00 00 00  00 00 00 00  00 00 00 00  00 00 FE FF  FF FF 00 00  00 00 00 00  00 00 00 00  00 00 00 00  00 00 00 00  00 00 00 00  00 00 00 00  00 00 05 00  00 00 6D 3C  05 10 50 07  00 00 0E 00  00 00 00 00  00 00 00 00  00 00 00 00  96 00 00 00  FE FF FF FF  00 00 00 00  00 00 00 00  00 00 00 00  00 00 00 00  00 00 00 00  00 00 00 00  00 00 00 00  05 00 00 00  BD A2 05 10  24 04 00 00  19 00 00 00  00 00 00 00  00 00 00 00  00 00 5A 00  00 00 FE FF  FF FF 00 00  00 00 00 00  00 00 00 00  00 00 00 00  00 00 00 00  00 00 00 00  00 00 00 00  00 00 05 00  00 00 94 FD  04 10 48 07  00 00 1D 00  00 00 00 00  00 00 00 00  00 00 00 00  64 00 00 00  FE FF FF FF  00 00 00 00  00 00 00 00  00 00 00 00  00 00 00 00  00 00 00 00  00 00 00 00  00 00 00 00  05 00 00 00  A5 72 05 10  6A 07 00 00  01 00 00 00  00 00 00 00  00 00 00 00  00 00 9B 07  00 00 FE FF  FF FF 00 00  00 00 00 00  00 00 00 00  00 00 00 00  00 00 00 00  00 00 00 00  00 00 00 00  00 00 05 00  00 00 BE 3C  07 10 6B 07  00 00 01 00  00 00 00 00  00 00 00 00  00 00 00 00  00 05 00 00  FE FF FF FF  00 00 00 00  00 00 00 00  00 00 00 00  00 00 00 00  00 00 00 00  00 00 00 00  00 00 00 00  05 00 00 00  4E 14 05 10  4B 07 00 00  17 00 00 00  00 00 00 00  00 00 00 00  00 00 96 00  00 00 FE FF  FF FF 00 00  00 00 00 00  00 00 00 00  00 00 00 00  00 00 00 00  00 00 00 00  00 00 00 00  00 00 05 00  00 00 01 16  05 10 4C 07  00 00 15 00  00 00 00 00  00 00 00 00  00 00 00 00  64 00 00 00  FE FF FF FF  00 00 00 00  00 00 00 00  00 00 00 00  00 00 00 00  00 00 00 00  00 00 00 00  00 00 00 00  05 00 00 00  0A 17 05 10  4A 07 00 00  06 00 00 00  00 00 00 00  00 00 00 00  00 00 2C 01  00 00 FE FF  FF FF 00 00  00 00 00 00  00 00 00 00  00 00 00 00  00 00 00 00  00 00 00 00  00 00 00 00  00 00 05 00  00 00 E7 17  05 10 51 07  00 00 01 00  00 00 00 00  00 00 00 00  00 00 00 00  F4 01 00 00  FE FF FF FF  00 00 00 00  00 00 00 00  00 00 00 00  00 00 00 00  00 00 00 00  00 00 00 00  00 00 00 00  05 00 00 00  33 C5 05 10  2B 07 00 00  14 03 00 00  00 00 00 00  00 00 00 00  00 00 06 00  00 00 FE FF  FF FF 00 00  00 00 00 00  00 00 00 00  00 00 00 00  00 00 00 00  00 00 00 00  00 00 00 00  00 00 05 00  00 00 AE C9  05 10 26 14  00 00 01 00  00 00 00 00  00 00 00 00  00 00 00 00  88 13 00 00  FE FF FF FF  00 00 00 00  00 00 00 00  00 00 00 00  00 00 00 00  00 00 00 00  00 00 00 00  00 00 00 00  05 00 00 00  1A CB 05 10  64 14 00 00  01 00 00 00  00 00 00 00  00 00 00 00  00 00 88 13  00 00 FE FF  FF FF 00 00  00 00 00 00  00 00 00 00  00 00 00 00  00 00 00 00  00 00 00 00  00 00 00 00  00 00 05 00  00 00 2D 9A  06 10 B7 05  00 00 DC 13  00 00 00 00  00 00 00 00  00 00 00 00  0A 00 00 00  FE FF FF FF  00 00 00 00  00 00 00 00  00 00 00 00  00 00 00 00  00 00 00 00  00 00 00 00  00 00 00 00  00 00 00 00  

Client sets sell message                                 "S     S      D"
Client: Len   11 [SetPrivateStoreMsgSell] | 0B 00 / 97 / 53 00 53 00  44 00 00 00  
Server: Len   15 [PrivateStoreMsgSell] | 0F 00 / A2 / 09 A5 04 10  53 00 53 00  44 00 00 00  

Then client sets its sell list
Client: Len   23 [SetPrivateStoreListSell] | 17 00 / 31 / 00 00 00 00  01 00 00 00  2D 9A 06 10  DC 13 00 00  0E 00 00 00  

Server makes client sit down
Server: Len   23 [ChangeWaitType] | 17 00 / 29 / 09 A5 04 10  00 00 00 00  B3 C4 FE FF  46 49 02 00  18 F4 FF FF  