Server: 4A CreatureSay: len 255
FF 00
4A
00 00 00 00  0A 00 00 00  00 00 1D 04  30 04 47 04  J            0 G
30 04 3B 04  41 04 4F 04  20 00 4D 04  32 04 35 04   0   A O   M 2 5
3D 04 42 04  20 00 27 00  43 00 6F 00  66 00 66 00     B     C o f f
65 00 72 00  20 00 6F 00  66 00 20 00  53 00 68 00   e r   o f   S h
61 00 64 00  6F 00 77 00  73 00 27 00  2E 00 20 00   a d o w s
1F 04 3E 04  34 04 40 04  3E 04 31 04  3D 04 3E 04       4     1
41 04 42 04  38 04 20 00  3C 04 3E 04  36 04 3D 04   A B 8       6
3E 04 20 00  43 04 37 04  3D 04 30 04  42 04 4C 04       C 7   0 B L
20 00 43 04  20 00 4F 00  6D 00 65 00  67 00 61 00     C   O m e g a
27 00 73 00  20 00 43 00  61 00 74 00  2C 00 20 00     s   C a t
3A 04 3E 04  42 04 3E 04  40 04 3E 04  33 04 3E 04       B       3
20 00 12 04  4B 04 20 00  41 04 3C 04  3E 04 36 04       K   A     6
35 04 42 04  35 04 20 00  3D 04 30 04  39 04 42 04   5 B 5     0 9 B
38 04 20 00  32 04 20 00  31 04 3B 04  38 04 36 04   8   2   1   8 6
30 04 39 04  48 04 35 04  3C 04 20 00  33 04 3E 04   0 9 H 5     3
40 04 3E 04  34 04 35 04  2E 00 00 00

FF 00             // len 255
4A
00 00 00 00       // objectID
0A 00 00 00       // text Type
00 00             // char name - empty here
1D 04  30 04 47 04
30 04 3B 04  41 04 4F 04  20 00 4D 04  32 04 35 04   0   A O   M 2 5
3D 04 42 04  20 00 27 00  43 00 6F 00  66 00 66 00     B     C o f f
65 00 72 00  20 00 6F 00  66 00 20 00  53 00 68 00   e r   o f   S h
61 00 64 00  6F 00 77 00  73 00 27 00  2E 00 20 00   a d o w s
1F 04 3E 04  34 04 40 04  3E 04 31 04  3D 04 3E 04       4     1
41 04 42 04  38 04 20 00  3C 04 3E 04  36 04 3D 04   A B 8       6
3E 04 20 00  43 04 37 04  3D 04 30 04  42 04 4C 04       C 7   0 B L
20 00 43 04  20 00 4F 00  6D 00 65 00  67 00 61 00     C   O m e g a
27 00 73 00  20 00 43 00  61 00 74 00  2C 00 20 00     s   C a t
3A 04 3E 04  42 04 3E 04  40 04 3E 04  33 04 3E 04       B       3
20 00 12 04  4B 04 20 00  41 04 3C 04  3E 04 36 04       K   A     6
35 04 42 04  35 04 20 00  3D 04 30 04  39 04 42 04   5 B 5     0 9 B
38 04 20 00  32 04 20 00  31 04 3B 04  38 04 36 04   8   2   1   8 6
30 04 39 04  48 04 35 04  3C 04 20 00  33 04 3E 04   0 9 H 5     3
40 04 3E 04  34 04 35 04  2E 00 00 00

[++] Server: 4A CreatureSay: len 93
5D 00
4A
00 00 00 00  0A 00 00 00  54 00 58 00  77 00 6B 00  J        T X w k
61 00 00 00  14 04 3E 04  31 04 40 04  3E 04 20 00   a       1
3F 04 3E 04  36 04 30 04  3B 04 3E 04  32 04 30 04       6 0     2 0
42 04 4C 04  20 00 3D 04  30 04 20 00  41 04 35 04   B L     0   A 5
40 04 32 04  35 04 40 04  20 00 4E 00  4C 00 20 00     2 5     N L
78 00 31 00  30 00 2E 00  00 00

[++] Server: 4A CreatureSay: len 81
51 00
4A
00 00 00 00  0A 00 00 00  00 00 1D 04  30 04 47 04  J            0 G
30 04 3B 04  41 04 4F 04  20 00 4D 04  32 04 35 04   0   A O   M 2 5
3D 04 42 04  20 00 27 00  54 00 68 00  65 00 20 00     B     T h e
46 00 61 00  6C 00 6C 00  20 00 48 00  61 00 72 00   F a l l   H a r
76 00 65 00  73 00 74 00  27 00 2E 00  00 00

[++] Server: 4A CreatureSay: len 99
63 00
4A
00 00 00 00  0A 00 00 00  00 00 1D 04  30 04 47 04  J            0 G
30 04 3B 04  41 04 4F 04  20 00 4D 04  32 04 35 04   0   A O   M 2 5
3D 04 42 04  20 00 27 00  4C 00 32 00  20 00 4D 00     B     L 2   M
65 00 64 00  61 00 6C 00  20 00 43 00  6F 00 6C 00   e d a l   C o l
6C 00 65 00  63 00 74 00  69 00 6F 00  6E 00 20 00   l e c t i o n
45 00 76 00  65 00 6E 00  74 00 27 00  2E 00 00 00   E v e n t

